Maximum time difference: 128.4441412
Minimum time difference: 3.3288031

USUAL METHOD
Medium time: 56.8666187
Maximum time: 161.6603641, i = 2000, j = 2000
Minimum time: 7.9681088, i = 500, j = 500

500 500 7.9681088
500 1000 19.7272214
500 1500 36.6806109
500 2000 29.0249318
1000 500 14.3252954
1000 1000 24.5546688
1000 1500 44.6471351
1000 2000 70.6871906
1500 500 29.7896335
1500 1000 58.4149552
1500 1500 92.9080234
1500 2000 89.4018137
2000 500 32.4576492
2000 1000 61.8288049
2000 1500 135.7894922
2000 2000 161.6603641

-----------------------
CONCURRENT METHOD
Medium time: 14.1716194
Maximum time: 33.2162229, i = 2000, j = 2000
Minimum time: 4.6393057, i = 500, j = 500

500 500 4.6393057
500 1000 6.6986436
500 1500 8.6999766
500 2000 9.3646543
1000 500 5.8672351
1000 1000 7.5127
1000 1500 12.6924122
1000 2000 20.6972706
1500 500 7.6406321
1500 1000 15.7551404
1500 1500 16.8612244
1500 2000 22.9940394
2000 500 10.8641229
2000 1000 17.012596
2000 1500 26.2297343
2000 2000 33.2162229
